Moyenne
4796.244355 	 399.445810 	 171.530049 	 2887.778387 	 53.301020 	 165.730573 	 42.837811 	 1256.773823 	 6.338217 	 56.872467 	 1438.873435 	 4.409444 	 0.760229 	 266.341624 	 12.922829 	 52.929722 	 160.010134 	 0.430568 	 30.538789 	 
Maximum
10299.166667 	768.888889 	357.037037 	3205.750000 	188.571429 	499.200000 	138.125000 	10658.700000 	21.136364 	122.124506 	3089.750000 	38.333333 	12.045455 	1072.400000 	34.883721 	263.552632 	192.000000 	1.000000 	141.515152 	
Minimum
29.166667 	5.185185 	0.000000 	2664.750000 	0.000000 	0.000000 	0.000000 	0.000000 	0.000000 	0.345850 	8.750000 	0.000000 	0.000000 	0.000000 	0.000000 	0.000000 	118.400000 	0.000000 	0.000000 	
Écart type
3175.889822 	234.189513 	92.576311 	146.771640 	38.756810 	131.584549 	33.762392 	1455.451131 	4.963758 	37.658773 	952.766961 	6.640168 	0.391752 	211.940081 	16.328564 	92.143500 	6.813327 	0.495156 	24.186933 	
Médiane
4865.416667 	425.925926 	170.370370 	2890.500000 	73.809524 	256.800000 	65.937500 	1446.900000 	9.954545 	57.692688 	1459.625000 	2.222222 	0.909091 	422.800000 	0.000000 	0.000000 	160.000000 	0.000000 	43.939394 	
Quartile 1
1917.500000 	166.666667 	90.370370 	2753.500000 	0.000000 	0.000000 	0.000000 	0.000000 	0.000000 	22.737154 	575.250000 	2.222222 	0.909091 	0.000000 	0.000000 	0.000000 	156.800000 	0.000000 	0.000000 	
Quartile 3
7480.833333 	604.814815 	253.333333 	2992.000000 	78.571429 	268.800000 	72.187500 	1450.800000 	10.000000 	88.705534 	2244.250000 	2.222222 	0.909091 	442.400000 	34.651163 	66.052632 	160.000000 	1.000000 	48.484848 	
